00
00
00
00
00
00
00
00
00
00
80
01
60
06
30
0C
18
18
18
18
1C
30
0C
30
0C
30
0C
30
0C
30
0C
30
0C
30
0C
30
0C
30
0C
30
0C
30
0C
30
18
18
18
18
30
08
30
0C
C0
07
00
00
00
00
00
00
00
00
00
00
00
00
00
00
00
00
00
00
00
00
00
00
00
01
F0
01
80
01
80
01
80
01
80
01
80
01
80
01
80
01
80
01
80
01
80
01
80
01
80
01
80
01
80
01
80
01
80
01
80
01
80
01
F0
1F
00
00
00
00
00
00
00
00
00
00
00
00
00
00
00
00
00
00
00
00
C0
03
30
0C
18
18
08
18
0C
30
1C
30
1C
30
08
38
00
18
00
18
00
0C
00
06
00
03
80
01
C0
00
40
00
20
00
10
20
08
20
0C
30
FC
3F
FC
1F
00
00
00
00
00
00
00
00
00
00
00
00
00
00
00
00
00
00
00
00
C0
01
10
06
08
0C
08
18
1C
18
18
18
00
18
00
18
00
0C
00
06
C0
03
00
06
00
18
00
18
00
30
00
30
08
30
1C
30
1C
30
0C
18
18
0C
F0
07
00
00
00
00
00
00
00
00
00
00
00
00
00
00
00
00
00
00
00
00
00
0C
00
0C
00
0E
00
0F
00
0D
80
0C
40
0C
40
0C
20
0C
20
0C
10
0C
08
0C
08
0C
04
0C
06
0C
FE
7F
00
0C
00
0C
00
0C
00
0C
00
0C
80
3F
00
00
00
00
00
00
00
00
00
00
00
00
00
00
00
00
00
00
00
00
00
00
F8
3F
F8
1F
08
00
08
00
08
00
08
00
08
00
88
03
E8
0F
18
18
08
18
00
30
00
30
00
30
00
30
1C
30
1C
30
0C
10
0C
18
18
0C
E0
07
00
00
00
00
00
00
00
00
00
00
00
00
00
00
00
00
00
00
00
00
00
07
60
08
30
18
10
18
18
00
08
00
0C
00
0C
00
8C
07
EC
0F
2C
18
1C
30
0C
30
0C
30
0C
30
0C
30
0C
30
0C
30
18
30
18
10
30
18
E0
07
00
00
00
00
00
00
00
00
00
00
00
00
00
00
00
00
00
00
00
00
00
00
F8
3F
F8
3F
08
10
04
08
04
08
00
04
00
04
00
06
00
02
00
03
00
01
00
01
80
01
80
01
80
00
C0
00
C0
00
C0
01
C0
01
C0
01
C0
00
00
00
00
00
00
00
00
00
00
00
00
00
00
00
00
00
00
00
00
00
C0
03
30
0C
18
18
0C
30
0C
30
0C
30
0C
30
1C
10
38
18
F0
0C
E0
03
B0
07
18
1E
0C
18
0C
38
04
30
04
30
04
30
04
30
0C
10
18
18
E0
07
00
00
00
00
00
00
00
00
00
00
00
00
00
00
00
00
00
00
00
00
C0
01
30
06
18
08
0C
18
0C
10
0C
30
0C
30
0C
30
0C
30
0C
30
0C
38
1C
34
38
36
F0
31
00
30
00
38
00
18
00
18
18
08
18
0C
18
06
F0
03
00
00
00
00
00
00
00
00
00
00
